           2          -2
  0.000000000000E+00  0.000000000000E+00   1   1
  0.000000000000E+00  0.000000000000E+00   1   3
 -0.210818510678E+00  0.000000000000E+00   1   5
  0.000000000000E+00  0.000000000000E+00   1   7
  0.000000000000E+00  0.000000000000E+00   1   9
  0.000000000000E+00  0.000000000000E+00   1  11
  0.000000000000E+00  0.000000000000E+00   1  13
  0.000000000000E+00  0.000000000000E+00   3   3
  0.000000000000E+00  0.000000000000E+00   3   5
 -0.298142397000E+00  0.000000000000E+00   3   7
  0.000000000000E+00  0.000000000000E+00   3   9
  0.000000000000E+00  0.000000000000E+00   3  11
  0.000000000000E+00  0.000000000000E+00   3  13
  0.000000000000E+00  0.000000000000E+00   5   5
  0.000000000000E+00  0.000000000000E+00   5   7
 -0.326598632371E+00  0.000000000000E+00   5   9
  0.000000000000E+00  0.000000000000E+00   5  11
  0.000000000000E+00  0.000000000000E+00   5  13
  0.000000000000E+00  0.000000000000E+00   7   7
  0.000000000000E+00  0.000000000000E+00   7   9
 -0.298142397000E+00  0.000000000000E+00   7  11
  0.000000000000E+00  0.000000000000E+00   7  13
  0.000000000000E+00  0.000000000000E+00   9   9
  0.000000000000E+00  0.000000000000E+00   9  11
 -0.210818510678E+00  0.000000000000E+00   9  13
  0.000000000000E+00  0.000000000000E+00  11  11
  0.000000000000E+00  0.000000000000E+00  11  13
  0.000000000000E+00  0.000000000000E+00  13  13
           2          -1
  0.000000000000E+00  0.000000000000E+00   1   1
  0.333333333333E+00  0.000000000000E+00   1   3
  0.000000000000E+00  0.000000000000E+00   1   5
  0.000000000000E+00  0.000000000000E+00   1   7
  0.000000000000E+00  0.000000000000E+00   1   9
  0.000000000000E+00  0.000000000000E+00   1  11
  0.000000000000E+00  0.000000000000E+00   1  13
  0.000000000000E+00  0.000000000000E+00   3   3
  0.258198889747E+00  0.000000000000E+00   3   5
  0.000000000000E+00  0.000000000000E+00   3   7
  0.000000000000E+00  0.000000000000E+00   3   9
  0.000000000000E+00  0.000000000000E+00   3  11
  0.000000000000E+00  0.000000000000E+00   3  13
  0.000000000000E+00  0.000000000000E+00   5   5
  0.942809041582E-01  0.000000000000E+00   5   7
  0.000000000000E+00  0.000000000000E+00   5   9
  0.000000000000E+00  0.000000000000E+00   5  11
  0.000000000000E+00  0.000000000000E+00   5  13
  0.000000000000E+00  0.000000000000E+00   7   7
 -0.942809041582E-01  0.000000000000E+00   7   9
  0.000000000000E+00  0.000000000000E+00   7  11
  0.000000000000E+00  0.000000000000E+00   7  13
  0.000000000000E+00  0.000000000000E+00   9   9
 -0.258198889747E+00  0.000000000000E+00   9  11
  0.000000000000E+00  0.000000000000E+00   9  13
  0.000000000000E+00  0.000000000000E+00  11  11
 -0.333333333333E+00  0.000000000000E+00  11  13
  0.000000000000E+00  0.000000000000E+00  13  13
           2           0
 -0.333333333333E+00  0.000000000000E+00   1   1
  0.000000000000E+00  0.000000000000E+00   1   3
  0.000000000000E+00  0.000000000000E+00   1   5
  0.000000000000E+00  0.000000000000E+00   1   7
  0.000000000000E+00  0.000000000000E+00   1   9
  0.000000000000E+00  0.000000000000E+00   1  11
  0.000000000000E+00  0.000000000000E+00   1  13
  0.740148683083E-16  0.000000000000E+00   3   3
  0.000000000000E+00  0.000000000000E+00   3   5
  0.000000000000E+00  0.000000000000E+00   3   7
  0.000000000000E+00  0.000000000000E+00   3   9
  0.000000000000E+00  0.000000000000E+00   3  11
  0.000000000000E+00  0.000000000000E+00   3  13
  0.200000000000E+00  0.000000000000E+00   5   5
  0.000000000000E+00  0.000000000000E+00   5   7
  0.000000000000E+00  0.000000000000E+00   5   9
  0.000000000000E+00  0.000000000000E+00   5  11
  0.000000000000E+00  0.000000000000E+00   5  13
  0.266666666667E+00  0.000000000000E+00   7   7
  0.000000000000E+00  0.000000000000E+00   7   9
  0.000000000000E+00  0.000000000000E+00   7  11
  0.000000000000E+00  0.000000000000E+00   7  13
  0.200000000000E+00  0.000000000000E+00   9   9
  0.000000000000E+00  0.000000000000E+00   9  11
  0.000000000000E+00  0.000000000000E+00   9  13
  0.740148683083E-16  0.000000000000E+00  11  11
  0.000000000000E+00  0.000000000000E+00  11  13
 -0.333333333333E+00  0.000000000000E+00  13  13
           2           1
  0.000000000000E+00  0.000000000000E+00   1   1
  0.000000000000E+00  0.000000000000E+00   1   3
  0.000000000000E+00  0.000000000000E+00   1   5
  0.000000000000E+00  0.000000000000E+00   1   7
  0.000000000000E+00  0.000000000000E+00   1   9
  0.000000000000E+00  0.000000000000E+00   1  11
  0.000000000000E+00  0.000000000000E+00   1  13
  0.000000000000E+00  0.000000000000E+00   3   3
  0.000000000000E+00  0.000000000000E+00   3   5
  0.000000000000E+00  0.000000000000E+00   3   7
  0.000000000000E+00  0.000000000000E+00   3   9
  0.000000000000E+00  0.000000000000E+00   3  11
  0.000000000000E+00  0.000000000000E+00   3  13
  0.000000000000E+00  0.000000000000E+00   5   5
  0.000000000000E+00  0.000000000000E+00   5   7
  0.000000000000E+00  0.000000000000E+00   5   9
  0.000000000000E+00  0.000000000000E+00   5  11
  0.000000000000E+00  0.000000000000E+00   5  13
  0.000000000000E+00  0.000000000000E+00   7   7
  0.000000000000E+00  0.000000000000E+00   7   9
  0.000000000000E+00  0.000000000000E+00   7  11
  0.000000000000E+00  0.000000000000E+00   7  13
  0.000000000000E+00  0.000000000000E+00   9   9
  0.000000000000E+00  0.000000000000E+00   9  11
  0.000000000000E+00  0.000000000000E+00   9  13
  0.000000000000E+00  0.000000000000E+00  11  11
  0.000000000000E+00  0.000000000000E+00  11  13
  0.000000000000E+00  0.000000000000E+00  13  13
           2           2
  0.000000000000E+00  0.000000000000E+00   1   1
  0.000000000000E+00  0.000000000000E+00   1   3
  0.000000000000E+00  0.000000000000E+00   1   5
  0.000000000000E+00  0.000000000000E+00   1   7
  0.000000000000E+00  0.000000000000E+00   1   9
  0.000000000000E+00  0.000000000000E+00   1  11
  0.000000000000E+00  0.000000000000E+00   1  13
  0.000000000000E+00  0.000000000000E+00   3   3
  0.000000000000E+00  0.000000000000E+00   3   5
  0.000000000000E+00  0.000000000000E+00   3   7
  0.000000000000E+00  0.000000000000E+00   3   9
  0.000000000000E+00  0.000000000000E+00   3  11
  0.000000000000E+00  0.000000000000E+00   3  13
  0.000000000000E+00  0.000000000000E+00   5   5
  0.000000000000E+00  0.000000000000E+00   5   7
  0.000000000000E+00  0.000000000000E+00   5   9
  0.000000000000E+00  0.000000000000E+00   5  11
  0.000000000000E+00  0.000000000000E+00   5  13
  0.000000000000E+00  0.000000000000E+00   7   7
  0.000000000000E+00  0.000000000000E+00   7   9
  0.000000000000E+00  0.000000000000E+00   7  11
  0.000000000000E+00  0.000000000000E+00   7  13
  0.000000000000E+00  0.000000000000E+00   9   9
  0.000000000000E+00  0.000000000000E+00   9  11
  0.000000000000E+00  0.000000000000E+00   9  13
  0.000000000000E+00  0.000000000000E+00  11  11
  0.000000000000E+00  0.000000000000E+00  11  13
  0.000000000000E+00  0.000000000000E+00  13  13
           4          -4
  0.000000000000E+00  0.000000000000E+00   1   1
  0.000000000000E+00  0.000000000000E+00   1   3
  0.000000000000E+00  0.000000000000E+00   1   5
  0.000000000000E+00  0.000000000000E+00   1   7
  0.196386081770E+00  0.000000000000E+00   1   9
  0.000000000000E+00  0.000000000000E+00   1  11
  0.000000000000E+00  0.000000000000E+00   1  13
  0.000000000000E+00  0.000000000000E+00   3   3
  0.000000000000E+00  0.000000000000E+00   3   5
  0.000000000000E+00  0.000000000000E+00   3   7
  0.000000000000E+00  0.000000000000E+00   3   9
  0.253533341374E+00  0.000000000000E+00   3  11
  0.000000000000E+00  0.000000000000E+00   3  13
  0.000000000000E+00  0.000000000000E+00   5   5
  0.000000000000E+00  0.000000000000E+00   5   7
  0.000000000000E+00  0.000000000000E+00   5   9
  0.000000000000E+00  0.000000000000E+00   5  11
  0.196386081770E+00  0.000000000000E+00   5  13
  0.000000000000E+00  0.000000000000E+00   7   7
  0.000000000000E+00  0.000000000000E+00   7   9
  0.000000000000E+00  0.000000000000E+00   7  11
  0.000000000000E+00  0.000000000000E+00   7  13
  0.000000000000E+00  0.000000000000E+00   9   9
  0.000000000000E+00  0.000000000000E+00   9  11
  0.000000000000E+00  0.000000000000E+00   9  13
  0.000000000000E+00  0.000000000000E+00  11  11
  0.000000000000E+00  0.000000000000E+00  11  13
  0.000000000000E+00  0.000000000000E+00  13  13
           4          -3
  0.000000000000E+00  0.000000000000E+00   1   1
  0.000000000000E+00  0.000000000000E+00   1   3
  0.000000000000E+00  0.000000000000E+00   1   5
 -0.240522846460E+00  0.000000000000E+00   1   7
  0.000000000000E+00  0.000000000000E+00   1   9
  0.000000000000E+00  0.000000000000E+00   1  11
  0.000000000000E+00  0.000000000000E+00   1  13
  0.000000000000E+00  0.000000000000E+00   3   3
  0.000000000000E+00  0.000000000000E+00   3   5
  0.000000000000E+00  0.000000000000E+00   3   7
 -0.113383557175E+00  0.000000000000E+00   3   9
  0.000000000000E+00  0.000000000000E+00   3  11
  0.000000000000E+00  0.000000000000E+00   3  13
  0.000000000000E+00  0.000000000000E+00   5   5
  0.000000000000E+00  0.000000000000E+00   5   7
  0.000000000000E+00  0.000000000000E+00   5   9
  0.113383557175E+00  0.000000000000E+00   5  11
  0.000000000000E+00  0.000000000000E+00   5  13
  0.000000000000E+00  0.000000000000E+00   7   7
  0.000000000000E+00  0.000000000000E+00   7   9
  0.000000000000E+00  0.000000000000E+00   7  11
  0.240522846460E+00  0.000000000000E+00   7  13
  0.000000000000E+00  0.000000000000E+00   9   9
  0.000000000000E+00  0.000000000000E+00   9  11
  0.000000000000E+00  0.000000000000E+00   9  13
  0.000000000000E+00  0.000000000000E+00  11  11
  0.000000000000E+00  0.000000000000E+00  11  13
  0.000000000000E+00  0.000000000000E+00  13  13
           4          -2
  0.000000000000E+00  0.000000000000E+00   1   1
  0.000000000000E+00  0.000000000000E+00   1   3
  0.222680885708E+00  0.000000000000E+00   1   5
  0.000000000000E+00  0.000000000000E+00   1   7
  0.000000000000E+00  0.000000000000E+00   1   9
  0.000000000000E+00  0.000000000000E+00   1  11
  0.000000000000E+00  0.000000000000E+00   1  13
  0.000000000000E+00  0.000000000000E+00   3   3
  0.000000000000E+00  0.000000000000E+00   3   5
 -0.524863881081E-01  0.000000000000E+00   3   7
  0.000000000000E+00  0.000000000000E+00   3   9
  0.000000000000E+00  0.000000000000E+00   3  11
  0.000000000000E+00  0.000000000000E+00   3  13
  0.000000000000E+00  0.000000000000E+00   5   5
  0.000000000000E+00  0.000000000000E+00   5   7
 -0.191653191525E+00  0.000000000000E+00   5   9
  0.000000000000E+00  0.000000000000E+00   5  11
  0.000000000000E+00  0.000000000000E+00   5  13
  0.000000000000E+00  0.000000000000E+00   7   7
  0.000000000000E+00  0.000000000000E+00   7   9
 -0.524863881081E-01  0.000000000000E+00   7  11
  0.000000000000E+00  0.000000000000E+00   7  13
  0.000000000000E+00  0.000000000000E+00   9   9
  0.000000000000E+00  0.000000000000E+00   9  11
  0.222680885708E+00  0.000000000000E+00   9  13
  0.000000000000E+00  0.000000000000E+00  11  11
  0.000000000000E+00  0.000000000000E+00  11  13
  0.000000000000E+00  0.000000000000E+00  13  13
           4          -1
  0.000000000000E+00  0.000000000000E+00   1   1
 -0.165976532577E+00  0.000000000000E+00   1   3
  0.000000000000E+00  0.000000000000E+00   1   5
  0.000000000000E+00  0.000000000000E+00   1   7
  0.000000000000E+00  0.000000000000E+00   1   9
  0.000000000000E+00  0.000000000000E+00   1  11
  0.000000000000E+00  0.000000000000E+00   1  13
  0.000000000000E+00  0.000000000000E+00   3   3
  0.171419825742E+00  0.000000000000E+00   3   5
  0.000000000000E+00  0.000000000000E+00   3   7
  0.000000000000E+00  0.000000000000E+00   3   9
  0.000000000000E+00  0.000000000000E+00   3  11
  0.000000000000E+00  0.000000000000E+00   3  13
  0.000000000000E+00  0.000000000000E+00   5   5
  0.117363131703E+00  0.000000000000E+00   5   7
  0.000000000000E+00  0.000000000000E+00   5   9
  0.000000000000E+00  0.000000000000E+00   5  11
  0.000000000000E+00  0.000000000000E+00   5  13
  0.000000000000E+00  0.000000000000E+00   7   7
 -0.117363131703E+00  0.000000000000E+00   7   9
  0.000000000000E+00  0.000000000000E+00   7  11
  0.000000000000E+00  0.000000000000E+00   7  13
  0.000000000000E+00  0.000000000000E+00   9   9
 -0.171419825742E+00  0.000000000000E+00   9  11
  0.000000000000E+00  0.000000000000E+00   9  13
  0.000000000000E+00  0.000000000000E+00  11  11
  0.165976532577E+00  0.000000000000E+00  11  13
  0.000000000000E+00  0.000000000000E+00  13  13
           4           0
  0.909090909091E-01  0.000000000000E+00   1   1
  0.000000000000E+00  0.000000000000E+00   1   3
  0.000000000000E+00  0.000000000000E+00   1   5
  0.000000000000E+00  0.000000000000E+00   1   7
  0.000000000000E+00  0.000000000000E+00   1   9
  0.000000000000E+00  0.000000000000E+00   1  11
  0.000000000000E+00  0.000000000000E+00   1  13
 -0.212121212121E+00  0.000000000000E+00   3   3
  0.000000000000E+00  0.000000000000E+00   3   5
  0.000000000000E+00  0.000000000000E+00   3   7
  0.000000000000E+00  0.000000000000E+00   3   9
  0.000000000000E+00  0.000000000000E+00   3  11
  0.000000000000E+00  0.000000000000E+00   3  13
  0.303030303030E-01  0.000000000000E+00   5   5
  0.000000000000E+00  0.000000000000E+00   5   7
  0.000000000000E+00  0.000000000000E+00   5   9
  0.000000000000E+00  0.000000000000E+00   5  11
  0.000000000000E+00  0.000000000000E+00   5  13
  0.181818181818E+00  0.000000000000E+00   7   7
  0.000000000000E+00  0.000000000000E+00   7   9
  0.000000000000E+00  0.000000000000E+00   7  11
  0.000000000000E+00  0.000000000000E+00   7  13
  0.303030303030E-01  0.000000000000E+00   9   9
  0.000000000000E+00  0.000000000000E+00   9  11
  0.000000000000E+00  0.000000000000E+00   9  13
 -0.212121212121E+00  0.000000000000E+00  11  11
  0.000000000000E+00  0.000000000000E+00  11  13
  0.909090909091E-01  0.000000000000E+00  13  13
           4           1
  0.000000000000E+00  0.000000000000E+00   1   1
  0.000000000000E+00  0.000000000000E+00   1   3
  0.000000000000E+00  0.000000000000E+00   1   5
  0.000000000000E+00  0.000000000000E+00   1   7
  0.000000000000E+00  0.000000000000E+00   1   9
  0.000000000000E+00  0.000000000000E+00   1  11
  0.000000000000E+00  0.000000000000E+00   1  13
  0.000000000000E+00  0.000000000000E+00   3   3
  0.000000000000E+00  0.000000000000E+00   3   5
  0.000000000000E+00  0.000000000000E+00   3   7
  0.000000000000E+00  0.000000000000E+00   3   9
  0.000000000000E+00  0.000000000000E+00   3  11
  0.000000000000E+00  0.000000000000E+00   3  13
  0.000000000000E+00  0.000000000000E+00   5   5
  0.000000000000E+00  0.000000000000E+00   5   7
  0.000000000000E+00  0.000000000000E+00   5   9
  0.000000000000E+00  0.000000000000E+00   5  11
  0.000000000000E+00  0.000000000000E+00   5  13
  0.000000000000E+00  0.000000000000E+00   7   7
  0.000000000000E+00  0.000000000000E+00   7   9
  0.000000000000E+00  0.000000000000E+00   7  11
  0.000000000000E+00  0.000000000000E+00   7  13
  0.000000000000E+00  0.000000000000E+00   9   9
  0.000000000000E+00  0.000000000000E+00   9  11
  0.000000000000E+00  0.000000000000E+00   9  13
  0.000000000000E+00  0.000000000000E+00  11  11
  0.000000000000E+00  0.000000000000E+00  11  13
  0.000000000000E+00  0.000000000000E+00  13  13
           4           2
  0.000000000000E+00  0.000000000000E+00   1   1
  0.000000000000E+00  0.000000000000E+00   1   3
  0.000000000000E+00  0.000000000000E+00   1   5
  0.000000000000E+00  0.000000000000E+00   1   7
  0.000000000000E+00  0.000000000000E+00   1   9
  0.000000000000E+00  0.000000000000E+00   1  11
  0.000000000000E+00  0.000000000000E+00   1  13
  0.000000000000E+00  0.000000000000E+00   3   3
  0.000000000000E+00  0.000000000000E+00   3   5
  0.000000000000E+00  0.000000000000E+00   3   7
  0.000000000000E+00  0.000000000000E+00   3   9
  0.000000000000E+00  0.000000000000E+00   3  11
  0.000000000000E+00  0.000000000000E+00   3  13
  0.000000000000E+00  0.000000000000E+00   5   5
  0.000000000000E+00  0.000000000000E+00   5   7
  0.000000000000E+00  0.000000000000E+00   5   9
  0.000000000000E+00  0.000000000000E+00   5  11
  0.000000000000E+00  0.000000000000E+00   5  13
  0.000000000000E+00  0.000000000000E+00   7   7
  0.000000000000E+00  0.000000000000E+00   7   9
  0.000000000000E+00  0.000000000000E+00   7  11
  0.000000000000E+00  0.000000000000E+00   7  13
  0.000000000000E+00  0.000000000000E+00   9   9
  0.000000000000E+00  0.000000000000E+00   9  11
  0.000000000000E+00  0.000000000000E+00   9  13
  0.000000000000E+00  0.000000000000E+00  11  11
  0.000000000000E+00  0.000000000000E+00  11  13
  0.000000000000E+00  0.000000000000E+00  13  13
           4           3
  0.000000000000E+00  0.000000000000E+00   1   1
  0.000000000000E+00  0.000000000000E+00   1   3
  0.000000000000E+00  0.000000000000E+00   1   5
  0.000000000000E+00  0.000000000000E+00   1   7
  0.000000000000E+00  0.000000000000E+00   1   9
  0.000000000000E+00  0.000000000000E+00   1  11
  0.000000000000E+00  0.000000000000E+00   1  13
  0.000000000000E+00  0.000000000000E+00   3   3
  0.000000000000E+00  0.000000000000E+00   3   5
  0.000000000000E+00  0.000000000000E+00   3   7
  0.000000000000E+00  0.000000000000E+00   3   9
  0.000000000000E+00  0.000000000000E+00   3  11
  0.000000000000E+00  0.000000000000E+00   3  13
  0.000000000000E+00  0.000000000000E+00   5   5
  0.000000000000E+00  0.000000000000E+00   5   7
  0.000000000000E+00  0.000000000000E+00   5   9
  0.000000000000E+00  0.000000000000E+00   5  11
  0.000000000000E+00  0.000000000000E+00   5  13
  0.000000000000E+00  0.000000000000E+00   7   7
  0.000000000000E+00  0.000000000000E+00   7   9
  0.000000000000E+00  0.000000000000E+00   7  11
  0.000000000000E+00  0.000000000000E+00   7  13
  0.000000000000E+00  0.000000000000E+00   9   9
  0.000000000000E+00  0.000000000000E+00   9  11
  0.000000000000E+00  0.000000000000E+00   9  13
  0.000000000000E+00  0.000000000000E+00  11  11
  0.000000000000E+00  0.000000000000E+00  11  13
  0.000000000000E+00  0.000000000000E+00  13  13
           4           4
  0.000000000000E+00  0.000000000000E+00   1   1
  0.000000000000E+00  0.000000000000E+00   1   3
  0.000000000000E+00  0.000000000000E+00   1   5
  0.000000000000E+00  0.000000000000E+00   1   7
  0.000000000000E+00  0.000000000000E+00   1   9
  0.000000000000E+00  0.000000000000E+00   1  11
  0.000000000000E+00  0.000000000000E+00   1  13
  0.000000000000E+00  0.000000000000E+00   3   3
  0.000000000000E+00  0.000000000000E+00   3   5
  0.000000000000E+00  0.000000000000E+00   3   7
  0.000000000000E+00  0.000000000000E+00   3   9
  0.000000000000E+00  0.000000000000E+00   3  11
  0.000000000000E+00  0.000000000000E+00   3  13
  0.000000000000E+00  0.000000000000E+00   5   5
  0.000000000000E+00  0.000000000000E+00   5   7
  0.000000000000E+00  0.000000000000E+00   5   9
  0.000000000000E+00  0.000000000000E+00   5  11
  0.000000000000E+00  0.000000000000E+00   5  13
  0.000000000000E+00  0.000000000000E+00   7   7
  0.000000000000E+00  0.000000000000E+00   7   9
  0.000000000000E+00  0.000000000000E+00   7  11
  0.000000000000E+00  0.000000000000E+00   7  13
  0.000000000000E+00  0.000000000000E+00   9   9
  0.000000000000E+00  0.000000000000E+00   9  11
  0.000000000000E+00  0.000000000000E+00   9  13
  0.000000000000E+00  0.000000000000E+00  11  11
  0.000000000000E+00  0.000000000000E+00  11  13
  0.000000000000E+00  0.000000000000E+00  13  13
           6          -6
  0.000000000000E+00  0.000000000000E+00   1   1
  0.000000000000E+00  0.000000000000E+00   1   3
  0.000000000000E+00  0.000000000000E+00   1   5
  0.000000000000E+00  0.000000000000E+00   1   7
  0.000000000000E+00  0.000000000000E+00   1   9
  0.000000000000E+00  0.000000000000E+00   1  11
 -0.354281681901E+00  0.000000000000E+00   1  13
  0.000000000000E+00  0.000000000000E+00   3   3
  0.000000000000E+00  0.000000000000E+00   3   5
  0.000000000000E+00  0.000000000000E+00   3   7
  0.000000000000E+00  0.000000000000E+00   3   9
  0.000000000000E+00  0.000000000000E+00   3  11
  0.000000000000E+00  0.000000000000E+00   3  13
  0.000000000000E+00  0.000000000000E+00   5   5
  0.000000000000E+00  0.000000000000E+00   5   7
  0.000000000000E+00  0.000000000000E+00   5   9
  0.000000000000E+00  0.000000000000E+00   5  11
  0.000000000000E+00  0.000000000000E+00   5  13
  0.000000000000E+00  0.000000000000E+00   7   7
  0.000000000000E+00  0.000000000000E+00   7   9
  0.000000000000E+00  0.000000000000E+00   7  11
  0.000000000000E+00  0.000000000000E+00   7  13
  0.000000000000E+00  0.000000000000E+00   9   9
  0.000000000000E+00  0.000000000000E+00   9  11
  0.000000000000E+00  0.000000000000E+00   9  13
  0.000000000000E+00  0.000000000000E+00  11  11
  0.000000000000E+00  0.000000000000E+00  11  13
  0.000000000000E+00  0.000000000000E+00  13  13
           6          -5
  0.000000000000E+00  0.000000000000E+00   1   1
  0.000000000000E+00  0.000000000000E+00   1   3
  0.000000000000E+00  0.000000000000E+00   1   5
  0.000000000000E+00  0.000000000000E+00   1   7
  0.000000000000E+00  0.000000000000E+00   1   9
  0.250514979723E+00  0.000000000000E+00   1  11
  0.000000000000E+00  0.000000000000E+00   1  13
  0.000000000000E+00  0.000000000000E+00   3   3
  0.000000000000E+00  0.000000000000E+00   3   5
  0.000000000000E+00  0.000000000000E+00   3   7
  0.000000000000E+00  0.000000000000E+00   3   9
  0.000000000000E+00  0.000000000000E+00   3  11
 -0.250514979723E+00  0.000000000000E+00   3  13
  0.000000000000E+00  0.000000000000E+00   5   5
  0.000000000000E+00  0.000000000000E+00   5   7
  0.000000000000E+00  0.000000000000E+00   5   9
  0.000000000000E+00  0.000000000000E+00   5  11
  0.000000000000E+00  0.000000000000E+00   5  13
  0.000000000000E+00  0.000000000000E+00   7   7
  0.000000000000E+00  0.000000000000E+00   7   9
  0.000000000000E+00  0.000000000000E+00   7  11
  0.000000000000E+00  0.000000000000E+00   7  13
  0.000000000000E+00  0.000000000000E+00   9   9
  0.000000000000E+00  0.000000000000E+00   9  11
  0.000000000000E+00  0.000000000000E+00   9  13
  0.000000000000E+00  0.000000000000E+00  11  11
  0.000000000000E+00  0.000000000000E+00  11  13
  0.000000000000E+00  0.000000000000E+00  13  13
           6          -4
  0.000000000000E+00  0.000000000000E+00   1   1
  0.000000000000E+00  0.000000000000E+00   1   3
  0.000000000000E+00  0.000000000000E+00   1   5
  0.000000000000E+00  0.000000000000E+00   1   7
 -0.168897164874E+00  0.000000000000E+00   1   9
  0.000000000000E+00  0.000000000000E+00   1  11
  0.000000000000E+00  0.000000000000E+00   1  13
  0.000000000000E+00  0.000000000000E+00   3   3
  0.000000000000E+00  0.000000000000E+00   3   5
  0.000000000000E+00  0.000000000000E+00   3   7
  0.000000000000E+00  0.000000000000E+00   3   9
  0.261654362711E+00  0.000000000000E+00   3  11
  0.000000000000E+00  0.000000000000E+00   3  13
  0.000000000000E+00  0.000000000000E+00   5   5
  0.000000000000E+00  0.000000000000E+00   5   7
  0.000000000000E+00  0.000000000000E+00   5   9
  0.000000000000E+00  0.000000000000E+00   5  11
 -0.168897164874E+00  0.000000000000E+00   5  13
  0.000000000000E+00  0.000000000000E+00   7   7
  0.000000000000E+00  0.000000000000E+00   7   9
  0.000000000000E+00  0.000000000000E+00   7  11
  0.000000000000E+00  0.000000000000E+00   7  13
  0.000000000000E+00  0.000000000000E+00   9   9
  0.000000000000E+00  0.000000000000E+00   9  11
  0.000000000000E+00  0.000000000000E+00   9  13
  0.000000000000E+00  0.000000000000E+00  11  11
  0.000000000000E+00  0.000000000000E+00  11  13
  0.000000000000E+00  0.000000000000E+00  13  13
           6          -3
  0.000000000000E+00  0.000000000000E+00   1   1
  0.000000000000E+00  0.000000000000E+00   1   3
  0.000000000000E+00  0.000000000000E+00   1   5
  0.106819946269E+00  0.000000000000E+00   1   7
  0.000000000000E+00  0.000000000000E+00   1   9
  0.000000000000E+00  0.000000000000E+00   1  11
  0.000000000000E+00  0.000000000000E+00   1  13
  0.000000000000E+00  0.000000000000E+00   3   3
  0.000000000000E+00  0.000000000000E+00   3   5
  0.000000000000E+00  0.000000000000E+00   3   7
 -0.226599325119E+00  0.000000000000E+00   3   9
  0.000000000000E+00  0.000000000000E+00   3  11
  0.000000000000E+00  0.000000000000E+00   3  13
  0.000000000000E+00  0.000000000000E+00   5   5
  0.000000000000E+00  0.000000000000E+00   5   7
  0.000000000000E+00  0.000000000000E+00   5   9
  0.226599325119E+00  0.000000000000E+00   5  11
  0.000000000000E+00  0.000000000000E+00   5  13
  0.000000000000E+00  0.000000000000E+00   7   7
  0.000000000000E+00  0.000000000000E+00   7   9
  0.000000000000E+00  0.000000000000E+00   7  11
 -0.106819946269E+00  0.000000000000E+00   7  13
  0.000000000000E+00  0.000000000000E+00   9   9
  0.000000000000E+00  0.000000000000E+00   9  11
  0.000000000000E+00  0.000000000000E+00   9  13
  0.000000000000E+00  0.000000000000E+00  11  11
  0.000000000000E+00  0.000000000000E+00  11  13
  0.000000000000E+00  0.000000000000E+00  13  13
           6          -2
  0.000000000000E+00  0.000000000000E+00   1   1
  0.000000000000E+00  0.000000000000E+00   1   3
 -0.616725247334E-01  0.000000000000E+00   1   5
  0.000000000000E+00  0.000000000000E+00   1   7
  0.000000000000E+00  0.000000000000E+00   1   9
  0.000000000000E+00  0.000000000000E+00   1  11
  0.000000000000E+00  0.000000000000E+00   1  13
  0.000000000000E+00  0.000000000000E+00   3   3
  0.000000000000E+00  0.000000000000E+00   3   5
  0.174436241808E+00  0.000000000000E+00   3   7
  0.000000000000E+00  0.000000000000E+00   3   9
  0.000000000000E+00  0.000000000000E+00   3  11
  0.000000000000E+00  0.000000000000E+00   3  13
  0.000000000000E+00  0.000000000000E+00   5   5
  0.000000000000E+00  0.000000000000E+00   5   7
 -0.238856661211E+00  0.000000000000E+00   5   9
  0.000000000000E+00  0.000000000000E+00   5  11
  0.000000000000E+00  0.000000000000E+00   5  13
  0.000000000000E+00  0.000000000000E+00   7   7
  0.000000000000E+00  0.000000000000E+00   7   9
  0.174436241808E+00  0.000000000000E+00   7  11
  0.000000000000E+00  0.000000000000E+00   7  13
  0.000000000000E+00  0.000000000000E+00   9   9
  0.000000000000E+00  0.000000000000E+00   9  11
 -0.616725247334E-01  0.000000000000E+00   9  13
  0.000000000000E+00  0.000000000000E+00  11  11
  0.000000000000E+00  0.000000000000E+00  11  13
  0.000000000000E+00  0.000000000000E+00  13  13
           6          -1
  0.000000000000E+00  0.000000000000E+00   1   1
  0.308362623667E-01  0.000000000000E+00   1   3
  0.000000000000E+00  0.000000000000E+00   1   5
  0.000000000000E+00  0.000000000000E+00   1   7
  0.000000000000E+00  0.000000000000E+00   1   9
  0.000000000000E+00  0.000000000000E+00   1  11
  0.000000000000E+00  0.000000000000E+00   1  13
  0.000000000000E+00  0.000000000000E+00   3   3
 -0.119428330606E+00  0.000000000000E+00   3   5
  0.000000000000E+00  0.000000000000E+00   3   7
  0.000000000000E+00  0.000000000000E+00   3   9
  0.000000000000E+00  0.000000000000E+00   3  11
  0.000000000000E+00  0.000000000000E+00   3  13
  0.000000000000E+00  0.000000000000E+00   5   5
  0.218045302260E+00  0.000000000000E+00   5   7
  0.000000000000E+00  0.000000000000E+00   5   9
  0.000000000000E+00  0.000000000000E+00   5  11
  0.000000000000E+00  0.000000000000E+00   5  13
  0.000000000000E+00  0.000000000000E+00   7   7
 -0.218045302260E+00  0.000000000000E+00   7   9
  0.000000000000E+00  0.000000000000E+00   7  11
  0.000000000000E+00  0.000000000000E+00   7  13
  0.000000000000E+00  0.000000000000E+00   9   9
  0.119428330606E+00  0.000000000000E+00   9  11
  0.000000000000E+00  0.000000000000E+00   9  13
  0.000000000000E+00  0.000000000000E+00  11  11
 -0.308362623667E-01  0.000000000000E+00  11  13
  0.000000000000E+00  0.000000000000E+00  13  13
           6           0
 -0.116550116550E-01  0.000000000000E+00   1   1
  0.000000000000E+00  0.000000000000E+00   1   3
  0.000000000000E+00  0.000000000000E+00   1   5
  0.000000000000E+00  0.000000000000E+00   1   7
  0.000000000000E+00  0.000000000000E+00   1   9
  0.000000000000E+00  0.000000000000E+00   1  11
  0.000000000000E+00  0.000000000000E+00   1  13
  0.699300699301E-01  0.000000000000E+00   3   3
  0.000000000000E+00  0.000000000000E+00   3   5
  0.000000000000E+00  0.000000000000E+00   3   7
  0.000000000000E+00  0.000000000000E+00   3   9
  0.000000000000E+00  0.000000000000E+00   3  11
  0.000000000000E+00  0.000000000000E+00   3  13
 -0.174825174825E+00  0.000000000000E+00   5   5
  0.000000000000E+00  0.000000000000E+00   5   7
  0.000000000000E+00  0.000000000000E+00   5   9
  0.000000000000E+00  0.000000000000E+00   5  11
  0.000000000000E+00  0.000000000000E+00   5  13
  0.233100233100E+00  0.000000000000E+00   7   7
  0.000000000000E+00  0.000000000000E+00   7   9
  0.000000000000E+00  0.000000000000E+00   7  11
  0.000000000000E+00  0.000000000000E+00   7  13
 -0.174825174825E+00  0.000000000000E+00   9   9
  0.000000000000E+00  0.000000000000E+00   9  11
  0.000000000000E+00  0.000000000000E+00   9  13
  0.699300699301E-01  0.000000000000E+00  11  11
  0.000000000000E+00  0.000000000000E+00  11  13
 -0.116550116550E-01  0.000000000000E+00  13  13
           6           1
  0.000000000000E+00  0.000000000000E+00   1   1
  0.000000000000E+00  0.000000000000E+00   1   3
  0.000000000000E+00  0.000000000000E+00   1   5
  0.000000000000E+00  0.000000000000E+00   1   7
  0.000000000000E+00  0.000000000000E+00   1   9
  0.000000000000E+00  0.000000000000E+00   1  11
  0.000000000000E+00  0.000000000000E+00   1  13
  0.000000000000E+00  0.000000000000E+00   3   3
  0.000000000000E+00  0.000000000000E+00   3   5
  0.000000000000E+00  0.000000000000E+00   3   7
  0.000000000000E+00  0.000000000000E+00   3   9
  0.000000000000E+00  0.000000000000E+00   3  11
  0.000000000000E+00  0.000000000000E+00   3  13
  0.000000000000E+00  0.000000000000E+00   5   5
  0.000000000000E+00  0.000000000000E+00   5   7
  0.000000000000E+00  0.000000000000E+00   5   9
  0.000000000000E+00  0.000000000000E+00   5  11
  0.000000000000E+00  0.000000000000E+00   5  13
  0.000000000000E+00  0.000000000000E+00   7   7
  0.000000000000E+00  0.000000000000E+00   7   9
  0.000000000000E+00  0.000000000000E+00   7  11
  0.000000000000E+00  0.000000000000E+00   7  13
  0.000000000000E+00  0.000000000000E+00   9   9
  0.000000000000E+00  0.000000000000E+00   9  11
  0.000000000000E+00  0.000000000000E+00   9  13
  0.000000000000E+00  0.000000000000E+00  11  11
  0.000000000000E+00  0.000000000000E+00  11  13
  0.000000000000E+00  0.000000000000E+00  13  13
           6           2
  0.000000000000E+00  0.000000000000E+00   1   1
  0.000000000000E+00  0.000000000000E+00   1   3
  0.000000000000E+00  0.000000000000E+00   1   5
  0.000000000000E+00  0.000000000000E+00   1   7
  0.000000000000E+00  0.000000000000E+00   1   9
  0.000000000000E+00  0.000000000000E+00   1  11
  0.000000000000E+00  0.000000000000E+00   1  13
  0.000000000000E+00  0.000000000000E+00   3   3
  0.000000000000E+00  0.000000000000E+00   3   5
  0.000000000000E+00  0.000000000000E+00   3   7
  0.000000000000E+00  0.000000000000E+00   3   9
  0.000000000000E+00  0.000000000000E+00   3  11
  0.000000000000E+00  0.000000000000E+00   3  13
  0.000000000000E+00  0.000000000000E+00   5   5
  0.000000000000E+00  0.000000000000E+00   5   7
  0.000000000000E+00  0.000000000000E+00   5   9
  0.000000000000E+00  0.000000000000E+00   5  11
  0.000000000000E+00  0.000000000000E+00   5  13
  0.000000000000E+00  0.000000000000E+00   7   7
  0.000000000000E+00  0.000000000000E+00   7   9
  0.000000000000E+00  0.000000000000E+00   7  11
  0.000000000000E+00  0.000000000000E+00   7  13
  0.000000000000E+00  0.000000000000E+00   9   9
  0.000000000000E+00  0.000000000000E+00   9  11
  0.000000000000E+00  0.000000000000E+00   9  13
  0.000000000000E+00  0.000000000000E+00  11  11
  0.000000000000E+00  0.000000000000E+00  11  13
  0.000000000000E+00  0.000000000000E+00  13  13
           6           3
  0.000000000000E+00  0.000000000000E+00   1   1
  0.000000000000E+00  0.000000000000E+00   1   3
  0.000000000000E+00  0.000000000000E+00   1   5
  0.000000000000E+00  0.000000000000E+00   1   7
  0.000000000000E+00  0.000000000000E+00   1   9
  0.000000000000E+00  0.000000000000E+00   1  11
  0.000000000000E+00  0.000000000000E+00   1  13
  0.000000000000E+00  0.000000000000E+00   3   3
  0.000000000000E+00  0.000000000000E+00   3   5
  0.000000000000E+00  0.000000000000E+00   3   7
  0.000000000000E+00  0.000000000000E+00   3   9
  0.000000000000E+00  0.000000000000E+00   3  11
  0.000000000000E+00  0.000000000000E+00   3  13
  0.000000000000E+00  0.000000000000E+00   5   5
  0.000000000000E+00  0.000000000000E+00   5   7
  0.000000000000E+00  0.000000000000E+00   5   9
  0.000000000000E+00  0.000000000000E+00   5  11
  0.000000000000E+00  0.000000000000E+00   5  13
  0.000000000000E+00  0.000000000000E+00   7   7
  0.000000000000E+00  0.000000000000E+00   7   9
  0.000000000000E+00  0.000000000000E+00   7  11
  0.000000000000E+00  0.000000000000E+00   7  13
  0.000000000000E+00  0.000000000000E+00   9   9
  0.000000000000E+00  0.000000000000E+00   9  11
  0.000000000000E+00  0.000000000000E+00   9  13
  0.000000000000E+00  0.000000000000E+00  11  11
  0.000000000000E+00  0.000000000000E+00  11  13
  0.000000000000E+00  0.000000000000E+00  13  13
           6           4
  0.000000000000E+00  0.000000000000E+00   1   1
  0.000000000000E+00  0.000000000000E+00   1   3
  0.000000000000E+00  0.000000000000E+00   1   5
  0.000000000000E+00  0.000000000000E+00   1   7
  0.000000000000E+00  0.000000000000E+00   1   9
  0.000000000000E+00  0.000000000000E+00   1  11
  0.000000000000E+00  0.000000000000E+00   1  13
  0.000000000000E+00  0.000000000000E+00   3   3
  0.000000000000E+00  0.000000000000E+00   3   5
  0.000000000000E+00  0.000000000000E+00   3   7
  0.000000000000E+00  0.000000000000E+00   3   9
  0.000000000000E+00  0.000000000000E+00   3  11
  0.000000000000E+00  0.000000000000E+00   3  13
  0.000000000000E+00  0.000000000000E+00   5   5
  0.000000000000E+00  0.000000000000E+00   5   7
  0.000000000000E+00  0.000000000000E+00   5   9
  0.000000000000E+00  0.000000000000E+00   5  11
  0.000000000000E+00  0.000000000000E+00   5  13
  0.000000000000E+00  0.000000000000E+00   7   7
  0.000000000000E+00  0.000000000000E+00   7   9
  0.000000000000E+00  0.000000000000E+00   7  11
  0.000000000000E+00  0.000000000000E+00   7  13
  0.000000000000E+00  0.000000000000E+00   9   9
  0.000000000000E+00  0.000000000000E+00   9  11
  0.000000000000E+00  0.000000000000E+00   9  13
  0.000000000000E+00  0.000000000000E+00  11  11
  0.000000000000E+00  0.000000000000E+00  11  13
  0.000000000000E+00  0.000000000000E+00  13  13
           6           5
  0.000000000000E+00  0.000000000000E+00   1   1
  0.000000000000E+00  0.000000000000E+00   1   3
  0.000000000000E+00  0.000000000000E+00   1   5
  0.000000000000E+00  0.000000000000E+00   1   7
  0.000000000000E+00  0.000000000000E+00   1   9
  0.000000000000E+00  0.000000000000E+00   1  11
  0.000000000000E+00  0.000000000000E+00   1  13
  0.000000000000E+00  0.000000000000E+00   3   3
  0.000000000000E+00  0.000000000000E+00   3   5
  0.000000000000E+00  0.000000000000E+00   3   7
  0.000000000000E+00  0.000000000000E+00   3   9
  0.000000000000E+00  0.000000000000E+00   3  11
  0.000000000000E+00  0.000000000000E+00   3  13
  0.000000000000E+00  0.000000000000E+00   5   5
  0.000000000000E+00  0.000000000000E+00   5   7
  0.000000000000E+00  0.000000000000E+00   5   9
  0.000000000000E+00  0.000000000000E+00   5  11
  0.000000000000E+00  0.000000000000E+00   5  13
  0.000000000000E+00  0.000000000000E+00   7   7
  0.000000000000E+00  0.000000000000E+00   7   9
  0.000000000000E+00  0.000000000000E+00   7  11
  0.000000000000E+00  0.000000000000E+00   7  13
  0.000000000000E+00  0.000000000000E+00   9   9
  0.000000000000E+00  0.000000000000E+00   9  11
  0.000000000000E+00  0.000000000000E+00   9  13
  0.000000000000E+00  0.000000000000E+00  11  11
  0.000000000000E+00  0.000000000000E+00  11  13
  0.000000000000E+00  0.000000000000E+00  13  13
           6           6
  0.000000000000E+00  0.000000000000E+00   1   1
  0.000000000000E+00  0.000000000000E+00   1   3
  0.000000000000E+00  0.000000000000E+00   1   5
  0.000000000000E+00  0.000000000000E+00   1   7
  0.000000000000E+00  0.000000000000E+00   1   9
  0.000000000000E+00  0.000000000000E+00   1  11
  0.000000000000E+00  0.000000000000E+00   1  13
  0.000000000000E+00  0.000000000000E+00   3   3
  0.000000000000E+00  0.000000000000E+00   3   5
  0.000000000000E+00  0.000000000000E+00   3   7
  0.000000000000E+00  0.000000000000E+00   3   9
  0.000000000000E+00  0.000000000000E+00   3  11
  0.000000000000E+00  0.000000000000E+00   3  13
  0.000000000000E+00  0.000000000000E+00   5   5
  0.000000000000E+00  0.000000000000E+00   5   7
  0.000000000000E+00  0.000000000000E+00   5   9
  0.000000000000E+00  0.000000000000E+00   5  11
  0.000000000000E+00  0.000000000000E+00   5  13
  0.000000000000E+00  0.000000000000E+00   7   7
  0.000000000000E+00  0.000000000000E+00   7   9
  0.000000000000E+00  0.000000000000E+00   7  11
  0.000000000000E+00  0.000000000000E+00   7  13
  0.000000000000E+00  0.000000000000E+00   9   9
  0.000000000000E+00  0.000000000000E+00   9  11
  0.000000000000E+00  0.000000000000E+00   9  13
  0.000000000000E+00  0.000000000000E+00  11  11
  0.000000000000E+00  0.000000000000E+00  11  13
  0.000000000000E+00  0.000000000000E+00  13  13
