           place1           4  atom type, number of L
   0 FLL   0.7000   0.0700 L, modus, U, J (Ry)   place2 s,p,f,d
     6.00000000000     0.00000000000
   1 FLL   0.7000   0.0700 L, modus, U, J (Ry)
     6.00000000000     0.00000000000
     0.00000000000     0.00000000000
     0.00000000000     0.00000000000
     0.00000000000     0.00000000000
     6.00000000000     0.00000000000
     0.00000000000     0.00000000000
     0.00000000000     0.00000000000
     0.00000000000     0.00000000000
     6.00000000000     0.00000000000
   3 FLL   0.7000   0.0700 L, modus, U, J (Ry)
     6.00000000000     0.00000000000
     0.00000000000     0.00000000000
     0.00000000000     0.00000000000
     0.00000000000     0.00000000000
     0.00000000000     0.00000000000
     0.00000000000     0.00000000000
     0.00000000000     0.00000000000
     0.00000000000     0.00000000000
     6.00000000000     0.00000000000
     0.00000000000     0.00000000000
     0.00000000000     0.00000000000
     0.00000000000     0.00000000000
     0.00000000000     0.00000000000
     0.00000000000     0.00000000000
     0.00000000000     0.00000000000
     0.00000000000     0.00000000000
     6.00000000000     0.00000000000
     0.00000000000     0.00000000000
     0.00000000000     0.00000000000
     0.00000000000     0.00000000000
     0.00000000000     0.00000000000
     0.00000000000     0.00000000000
     0.00000000000     0.00000000000
     0.00000000000     0.00000000000
     6.00000000000     0.00000000000
     0.00000000000     0.00000000000
     0.00000000000     0.00000000000
     0.00000000000     0.00000000000
     0.00000000000     0.00000000000
     0.00000000000     0.00000000000
     0.00000000000     0.00000000000
     0.00000000000     0.00000000000
     6.00000000000     0.00000000000
     0.00000000000     0.00000000000
     0.00000000000     0.00000000000
     0.00000000000     0.00000000000
     0.00000000000     0.00000000000
     0.00000000000     0.00000000000
     0.00000000000     0.00000000000
     0.00000000000     0.00000000000
     6.00000000000     0.00000000000
     0.00000000000     0.00000000000
     0.00000000000     0.00000000000
     0.00000000000     0.00000000000
     0.00000000000     0.00000000000
     0.00000000000     0.00000000000
     0.00000000000     0.00000000000
     0.00000000000     0.00000000000
     6.00000000000     0.00000000000

   2 FLL   0.7000   0.0700 L, modus, U, J (Ry)
    -0.40000000000     0.00000000000
     0.00000000000     0.00000000000
     0.00000000000     0.00000000000
     0.00000000000     0.00000000000
     0.00000000000     0.00000000000
     0.00000000000     0.00000000000
    -0.40000000000     0.00000000000
     0.00000000000     0.00000000000
     0.00000000000     0.00000000000
     0.00000000000     0.00000000000
     0.00000000000     0.00000000000
     0.00000000000     0.00000000000
    -0.40000000000     0.00000000000
     0.00000000000     0.00000000000
     0.00000000000     0.00000000000
     0.00000000000     0.00000000000
     0.00000000000     0.00000000000
     0.00000000000     0.00000000000
    -0.40000000000     0.00000000000
     0.00000000000     0.00000000000
     0.00000000000     0.00000000000
     0.00000000000     0.00000000000
     0.00000000000     0.00000000000
     0.00000000000     0.00000000000
    -0.40000000000     0.00000000000
